514
655
788
421
661
757
875
311
392
437
898
518
794
166
154
237
779
863
865
668
637
169
315
886
323
555
525
384
103
890
181
652
774
298
381
407
378
891
259
220
770
373
474
190
203
126
658
406
250
276
436
816
857
275
144
633
885
193
294
121
690
523
894
759
749
378
198
787
104
270
437
248
708
715
358
725
455
588
573
361
103
516
336
689
749
570
427
357
375
114
354
623
831
257
551
602
795
188
263
543
335
491
751
871
730
383
382
734
717
753
398
400
618
179
762
723
826
403
475
545
120
180
884
230
847
300
734
257
863
609
723
451
534
652
218
545
279
666
497
247
141
192
302
205
178
369
580
375
384
259
694
570
676
143
900
493
463
739
568
372
437
780
463
587
499
207
450
395
607
808
699
871
111
672
226
381
899
754
682
561
736
854
132
407
184
327
890
597
833
553
753
101
377
502
609
512
492
279
825
488
705
129
636
510
313
455
701
655
237
594
564
761
489
709
416
646
347
680
224
559
683
216
689
610
531
797
500
223
458
778
677
324
895
252
813
307
374
331
409
624
836
473
838
679
900
388
817
783
608
572
336
510
500
315
100
808
620
357
226
846
572
897
883
842
332
237
650
609
608
358
347
596
136
884
444
501
361
489
890
347
346
656
261
226
322
683
289
553
472
245
164
571
154
890
486
610
175
426
170
298
672
275
515
600
293
666
345
334
589
548
102
480
369
590
329
690
150
755
670
520
858
591
192
464
759
604
582
367
131
504
651
786
838
185
132
580
458
825
359
815
355
737
251
629
684
500
296
645
297
644
808
412
458
778
685
763
846
549
337
357
269
689
610
361
659
218
757
452
524
113
726
471
635
539
454
217
410
416
595
561
839
695
422
707
109
425
552
723
846
245
441
587
840
159
880
187
116
531
122
797
357
533
885
317
884
595
737
273
555
693
112
303
735
672
555
500
239
788
700
854
720
309
209
590
521
754
344
478
275
727
524
348
427
643
796
209
876
199
393
315
147
726
142
185
470
726
639
447
295
808
410
284
759
387
825
501
455
735
180
578
552
250
790
860
118
244
512
258
398
106
310
287
311
638
137
468
438
785
401
257
220
805
755
444
812
579
461
584
776
113
848
839
175
694
853
898
864
634
450
769
623
847
760
334
833
883
167
204
137
515
778
414
641
444
746
680
719
707
253
190
715
414
148
781
160
328
671
175
453
173
541
739
659
260
820
340
663
147
315
280
245
735
450
848
549
707
705
245
405
825
222
652
160
605
733
869
450
106
651
730
398
250
377
614
582
468
440
751
233
207
694
109
730
297
511
254
401
168
775
680
798
709
437
494
589
220
749
613
595
889
395
304
166
566
127
162
856
793
308
708
777
409
234
569
421
436
546
112
876
444
217
406
543
581
834
700
698
750
889
576
205
685
391
433
246
327
837
441
399
635
177
235
311
383
146
438
714
505
562
306
882
206
338
464
549
721
562
781
571
673
801
151
404
263
250
355
883
605
699
742
755
287
878
606
283
206
792
316
256
593
368
394
660
681
660
407
846
669
631
810
578
291
136
659
803
264
250
202
627
347
651
768
664
597
775
592
500
351
555
468
355
857
624
479
391
443
689
315
520
610
514
729
252
492
759
717
813
660
588
743
579
417
615
794
508
610
775
299
228
615
122
325
837
128
805
319
493
459
463
201
712
809
288
539
381
882
763
363
646
158
514
267
267
247
636
144
710
681
740
108
441
826
763
228
135
534
380
423
621
158
214
325
536
256
404
529
772
611
249
659
894
114
151
841
780
122
166
169
195
372
166
768
542
557
745
244
234
225
150
489
704
519
668
415
670
208
702
315
712
333
460
122
175
397
754
343
186
178
338
537
552
820
534
421
876
403
258
139
509
470
337
158
372
713
594
593
704
115
884
509
514
160
236
622
493
354
580
412
312
222
518
265
485
397
288
290
659
616
544
506
333
407
760
730
597
373
743
704
636
682
564
656
457
609
566
411
238
502
395
464
738
762
867
596
885
761
115
354
838
110
788
871
878
786
639
402
707
350
130
320
856
872
534
476
119
372
631
657
387
827
378
110
605
111
525
323
218
305
719
230
315
612
212
534
631
360
805
651
223
527
390
151
360
490
647
731
509
223
359
829
606
740
205
321
604
552
459
597
712
624
866
322
890
806
185
199
253
712
375
612
323
803
558
779
337
890
451
899
369
816
704
820
294
757
852
723
795
573
535
338
742
505
653
372
534
396
627
888
821
133
599
562
444
161
567
288
263
339
160
523
654
419
563
323
306
197
408
130
877
730
439
205
839
709
280
294
361
542
624
835
264
161
496
385
342
641
818
375
509
597
600
836
216
827
510
318
376
893
164
847
875
801
298
449
562
696
106
632
590
755
424
268
221
474
729
789
268
876
289
422
154
112
112
665
871
589
544
774
460
839
567
416
527
241
354
151
709
868
153
130
648
202
226
376
259
105
341
820
471
640
532
370
492
880
895
444
878
898
389
556
488
425
433
120
235
319
486
699
345
388
722
308
491
834
129
883
215
280
522
735
621
237
373
856
338
889
518
288
646
680
765
374
107
357
671
671
165
555
899
185
163
824
425
105
388
428
143
885
893
486
512
595
489
282
644
854
671
649
125
710
335
125
188
358
107
627
599
514
603
773
313
443
794
195
308
589
416
497
577
549
565
479
785
370
792
767
697
639
522
438
886
378
462
298
467
110
258
809
564
382
304
579
338
616
351
692
421
521
155
142
233
783
750
298
313
775
415
360
827
428
531
152
435
140
885
873
345
398
558
102
214
471
304
827
714
691
855
558
499
653
341
498
858
858
481
833
455
410
138
390
207
324
319
282
537
828
477
651
247
305
391
813
682
869
646
250
642
313
465
598
699
487
293
124
483
266
802
155
885
146
634
452
521
505
887
497
491
139
151
105
557
262
770
329
890
358
400
265
223
531
460
266
853
850
544
147
893
538
406
283
130
434
381
199
302
290
533
476
319
758
884
412
690
560
671
604
759
650
249
598
723
600
124
588
664
703
466
760
344
326
844
869
247
747
840
706
422
464
782
514
153
303
412
827
245
731
174
810
120
278
761
202
133
675
291
801
523
114
596
733
600
748
459
757
653
825
132
334
477
449
394
149
124
779
256
779
638
489
275
160
724
233
257
302
193
642
550
533
786
371
896
627
790
767
561
586
342
811
525
162
405
190
123
765
850
544
320
436
204
453
283
487
487
151
813
543
256
622
739
391
738
126
701
701
580
595
422
134
101
675
765
175
607
581
885
665
482
251
598
780
872
843
287
509
347
106
437
472
236
830
822
550
751
493
650
747
465
735
718
147
687
582
134
542
334
864
182
793
385
581
255
767
888
525
293
858
516
251
366
433
178
665
184
596
700
857
234
640
242
870
369
390
866
323
442
164
806
479
645
234
722
891
734
645
359
455
495
221
454
772
216
290
491
439
885
412
200
720
635
424
468
584
438
801
632
518
668
651
122
516
765
479
395
169
450
786
399
173
375
412
767
338
329
469
562
319
810
351
213
143
266
633
562
367
815
265
257
554
499
598
712
870
399
730
118
567
284
161
703
570
208
798
898
394
671
554
747
765
420
363
899
561
464
187
532
651
204
312
341
160
294
405
868
426
689
648
293
611
774
871
120
847
792
878
690
258
509
128
463
835
631
353
628
693
213
728
850
698
786
684
742
535
388
211
642
775
393
269
589
484
730
898
438
470
628
303
580
207
332
540
207
887
503
880
802
769
410
445
800
672
223
169
630
688
806
788
196
861
869
262
864
671
463
841
727
678
751
674
773
622
732
241
209
545
180
175
747
120
541
753
539
366
569
403
798
409
323
146
855
689
797
402
822
750
487
479
184
109
407
866
193
291
686
635
551
801
125
418
330
225
714
845
892
188
662
667
309
565
564
763
466
238
297
539
572
137
205
465
745
834
783
705
285
195
577
691
714
833
493
694
471
192
336
478
608
546
550
274
538
640
777
451
830
315
305
769
457
446
280
263
641
112
484
492
384
556
820
733
133
807
603
518
570
672
849
736
566
635
661
787
546
324
231
537
166
424
274
480
804
142
534
330
151
751
421
124
427
592
819
834
247
166
444
137
415
836
118
801
270
310
776
463
193
159
581
301
105
444
118
338
624
682
662
849
278
517
790
413
352
189
670
588
167
412
737
346
712
337
769
713
160
309
104
427
802
789
623
807
269
